-1
1
-1
-0.599799
-0.929449
-1
-1
0.535939
-1
0.961443
-0.366281
1
0.721440
0.031500
-1
-0.507693
-1
1
-0.265546
0.034629
1
0.016149
-0.475005
0.331525
-1
0.089846
-1
0.702173
-1
-0.289596
-0.552378
-0.416358
-1
-0.128752
-1
1
-0.202216
1
-0.831976
0.010236
-0.832814
0.806837
-1
0.112483
-1
0.470060
-1
-0.851148
-1
0.640586
0.017136
1
0.023984
-0.672468
-1
0.523420
0.809807
-0.973799
-1
1
0.455993
0.436298
-1
1
0.567357
0.333417
-1
-0.408664
-0.574212
1
-0.695449
0.532499
-0.550838
-0.077924
-1
1
-1
0.871314
-1
1
-1
0.996246
-0.394924
0.661502
-0.670769
1
-1
-0.142918
-1
0.645638
-1
0.084757
0.252875
0.149900
-0.355602
0.844964
-0.796069
0.471896
-0.837488
-1
-0.151437
-1
-1
-0.823781
-0.465903
0.603675
-1
1
0.795909
1
-1
-1
-0.254831
1
-1
1
-0.936162
1
-0.992008
-0.418716
-0.285911
0.608985
-1
-0.077924
-1
0.889362
-1
0.027240
0.146550
-0.361602
-0.344508
0.676247
-1
0.864536
-0.335257
0.553527
-1
1
-0.637803
0.477591
0.522947
1
-0.578191
0.477513
0.092235
1
0.535283
0.933745
-0.811992
0.965932
-1
1
-0.335250
0.366483
-0.113525
-0.167033
-0.127165
1
0.235311
-0.216288
-1
-0.600669
-1
-0.650860
-1
0.217203
0.717554
0.697189
-0.783167
1
0.670771
1
-1
0.457365
0.557771
1
-1
1
-1
0.025011
-1
1
-1
0.854478
-0.456585
1
-0.341660
-0.817237
-1
0.691344
-0.253250
0.566476
-1
1
-0.154291
0.300246
-1
1
-1
0.572517
-0.905393
0.469516
-1
1
-0.166993
0.503109
-0.899785
0.585757
0.242356
-0.447414
-0.584255
0.884119
-1
0.966363
-0.483504
1
-0.618763
0.766221
-0.878168
0.495632
-0.839003
0.047368
-0.857684
0.262739
-1
1
-0.824692
1
-0.137539
0.041419
-1
-0.219986
-0.806503
-1
-1
-0.077924
-0.776436
-0.744365
0.172004
1
-1
0.272602
-1
0.857641
-1
0.982248
-0.077924
-0.550579
-0.693224
1
-0.752430
0.044970
-1
1
-0.232604
1
-1
1
-0.830477
0.931505
-1
1
-0.272590
0.435361
-0.552378
-0.225806
-1
1
-0.256905
1
-0.150323
0.352185
-0.077924
0.360705
-0.476706
0.384127
-1
1
0.858096
0.298987
-1
0.000167
